#salut les amis
age <- c(20,30,40)
poids <- c(55,65,75)

